1 161 191
 162 192
 163 193
 164 194
 165 195
 166 196
 167 197
 168 198
 169 199
 170 200
 41 71
 42 72
 43 73
 44 74
 45 75
 46 76
 47 77
 48 78
 49 79
 50 80
 51 81
 52 82
 53 83
 54 84
 55 85
 56 86
 57 87
 58 88
 59 89
 60 90
 61 91
 62 92
 63 93
 64 94
 65 95
 66 96
 67 97
 68 98
 69 99
 70 100
 11 46 101
 12 47 102
 13 48 103
 14 49 104
 15 50 105
 16 41 106
 17 42 107
 18 43 108
 19 44 109
 20 45 110
 21 61 111
 22 62 112
 23 63 113
 24 64 114
 25 65 115
 26 66 116
 27 67 117
 28 68 118
 29 69 119
 30 70 120
 31 51
 32 52
 33 53
 34 54
 35 55
 36 56
 37 57 
 38 58 
 39 59 
 40 60
 11 121
 12 122
 13 123
 14 124
 15 125
 16 126
 17 127
 18 128
 19 129
 20 130
 21 131
 22 132
 23 133
 24 134
 25 135
 26 136
 27 138
 28 137
 29 140
 30 139
 31 161
 32 162
 33 163
 34 164
 35 165
 36 166
 37 167
 38 168
 39 169
 40 170
 41 141
 42 142
 43 143
 44 144
 45 145
 46 146
 47 147
 48 148
 49 149
 50 150
 51 151
 52 152
 53 153
 54 154
 55 155
 56 156
 57 158 
 58 157
 59 160
 60 159
 71 141
 72 142
 73 143
 74 144
 75 145
 76 146
 77 147
 78 148
 79 149
 80 150
 81 151
 82 152
 83 153
 84 154
 85 155
 86 156
 88 157
 87 158
 90 159
 89 160
 101 121
 102 122
 103 123
 104 124
 105 125
 106 126
 107 127
 108 128
 109 129
 110 130
 111 131
 112 132
 113 133
 114 134
 115 135
 116 136
 118 137
 117 138
 120 139
 119 140
 1 91
 2 92
 3 93
 4 94
 5 95
 6 96
 7 97
 8 98
 9 99
 10 100
 121 182
 123 181
 122 184
 125 183
 124 185
 126 187
 127 186
 128 189
 129 188
 130 190
 131 172
 132 171
 133 174
 134 173
 135 175
 136 177
 137 176
 138 179
 139 178
 140 180
 1 196
 2 197
 3 198
 4 199
 5 200
 6 191
 7 192
 8 193
 9 194
 10 195
