1 161 191
2 162 192
3 163 193
4 164 194
5 165 195
6 166 196
7 167 197
8 168 198
9 169 199
10 170 200
11 41 71
12 42 72
13 43 73
14 44 74
15 45 75
16 46 76
17 47 77
18 48 78
19 49 79
20 50 80
21 51 81
22 52 82
23 53 83
24 54 84
25 55 85
26 56 86
27 57 87
28 58 88
29 59 89
30 60 90
31 61 91
32 62 92
33 63 93
34 64 94
35 65 95
36 66 96
37 67 97
38 68 98
39 69 99
40 70 100
41 11 46 101
42 12 47 102
43 13 48 103
44 14 49 104
45 15 50 105
46 16 41 106
47 17 42 107
48 18 43 108
49 19 44 109
50 20 45 110
51 21 61 111
52 22 62 112
53 23 63 113
54 24 64 114
55 25 65 115
56 26 66 116
57 27 67 117
58 28 68 118
59 29 69 119
60 30 70 120
61 31 51
62 32 52
63 33 53
64 34 54
65 35 55
66 36 56
67 37 57
68 38 58
69 39 59
70 40 60
71 11 121
72 12 122
73 13 123
74 14 124
75 15 125
76 16 126
77 17 127
78 18 128
79 19 129
80 20 130
81 21 131
82 22 132
83 23 133
84 24 134
85 25 135
86 26 136
87 27 138
88 28 137
89 29 140
90 30 139
91 31 161
92 32 162
93 33 163
94 34 164
95 35 165
96 36 166
97 37 167
98 38 168
99 39 169
100 40 170
101 41 141
102 42 142
103 43 143
104 44 144
105 45 145
106 46 146
107 47 147
108 48 148
109 49 149
110 50 150
111 51 151
112 52 152
113 53 153
114 54 154
115 55 155
116 56 156
117 57 158
118 58 157
119 59 160
120 60 159
121 71 141 171
122 72 142 173
123 73 143 172
124 74 144 175
125 75 145 174
126 76 146 176
127 77 147 177
128 78 148 178
129 79 149 179
130 80 150 180
131 81 151 181
132 82 152 182
133 83 153 183
134 84 154 184
135 85 155 185
136 86 156 186
137 88 157 187
138 87 158 188
139 90 159 189
140 89 160 190
141 101 121
142 102 122
143 103 123
144 104 124
145 105 125
146 106 126
147 107 127
148 108 128
149 109 129
150 110 130
151 111 131
152 112 132
153 113 133
154 114 134
155 115 135
156 116 136
157 118 137
158 117 138
159 120 139
160 119 140
161 1 91
162 2 92
163 3 93
164 4 94
165 5 95
166 6 96
167 7 97
168 8 98
169 9 99
170 10 100
171 121 182
172 123 181
173 122 184
174 125 183
175 124 185
176 126 187
177 127 186
178 128 189
179 129 188
180 130 190
181 131 172
182 132 171
183 133 174
184 134 173
185 135 175
186 136 177
187 137 176
188 138 179
189 139 178
190 140 180
191 1 196
192 2 197
193 3 198
194 4 199
195 5 200
196 6 191
197 7 192
198 8 193
199 9 194
200 10 195
